v -0.520445 -1.916864 0.565972
v -0.411202 -1.915500 0.567328
v -0.521345 -1.870762 2.226693
v -0.412103 -1.869399 2.228050
v -0.413606 -1.745073 2.224175
v -0.412475 -1.810200 0.564047
v -0.522848 -1.746436 2.222819
v -0.521718 -1.811563 0.562691
v -1.681359 -1.916864 0.565971
v -1.680459 -1.870762 2.226693
v -1.790602 -1.915500 0.567328
v -1.789702 -1.869399 2.228049
v -1.788199 -1.745073 2.224175
v -1.789328 -1.810200 0.564047
v -1.678956 -1.746436 2.222819
v -1.680086 -1.811563 0.562691
f 1 2 3
f 3 2 4
f 4 2 5
f 5 2 6
f 5 6 7
f 7 6 8
f 7 8 3
f 3 8 1
f 9 10 11
f 10 12 11
f 12 13 11
f 13 14 11
f 13 15 14
f 15 16 14
f 15 10 16
f 10 9 16
v -1.664625 -0.209974 2.106281
v -1.807964 -1.874902 2.189416
v -1.664625 -0.212428 2.160961
v -1.807964 -1.874294 2.248206
v -0.361843 -1.874294 2.248206
v -0.361844 -1.874902 2.189416
v -0.508023 -0.212428 2.160962
v -0.508023 -0.209974 2.106281
v -1.605751 -0.112765 2.899580
v -1.330857 -0.112765 2.899580
v -1.605751 -0.071431 3.047548
v -1.330857 -0.064947 3.070758
v -1.330857 -0.029084 3.060740
v -1.330857 -0.076902 2.889562
v -1.605751 -0.035568 3.037529
v -1.605751 -0.076902 2.889562
v -1.092805 -0.025436 3.073796
v -1.092805 -0.061300 3.083814
v -1.092805 -0.076902 2.889562
v -1.092805 -0.112765 2.899580
v -0.854753 -0.064947 3.070758
v -0.854753 -0.112765 2.899580
v -0.601175 -0.071431 3.047548
v -0.601175 -0.112765 2.899580
v -0.854753 -0.029084 3.060740
v -0.601175 -0.035568 3.037529
v -0.854753 -0.076902 2.889562
v -0.601175 -0.076902 2.889562
v -1.614355 -0.025116 3.317267
v -1.330857 -0.025116 3.317267
v -1.614355 0.016218 3.465235
v -1.330857 0.022702 3.488446
v -1.330857 0.058565 3.478427
v -1.330857 0.010747 3.307249
v -1.614355 0.052082 3.455216
v -1.614355 0.010747 3.307249
v -1.092805 0.026349 3.501501
v -1.092805 0.062212 3.491483
v -1.092805 0.010747 3.307249
v -1.092805 -0.025116 3.317267
v -0.854753 0.022702 3.488446
v -0.854753 -0.025116 3.317267
v -0.607221 0.016218 3.465235
v -0.607221 -0.025116 3.317267
v -0.854753 0.058565 3.478427
v -0.607221 0.052082 3.455217
v -0.854753 0.010747 3.307249
v -0.607221 0.010747 3.307249
v -0.854753 0.118380 3.912336
v -0.854753 0.070562 3.741157
v -0.601176 0.111897 3.889125
v -0.601176 0.070562 3.741158
v -0.854753 0.154244 3.902317
v -0.601176 0.147760 3.879107
v -0.854753 0.106426 3.731139
v -0.601176 0.106426 3.731139
v -1.092805 0.157891 3.915373
v -1.092805 0.106426 3.731139
v -1.602379 0.111897 3.889125
v -1.330857 0.118380 3.912336
v -1.602379 0.147760 3.879107
v -1.330857 0.154244 3.902317
v -1.602379 0.070562 3.741157
v -1.330857 0.070562 3.741157
v -1.330857 0.106426 3.731139
v -1.602379 0.106426 3.731139
v -1.092805 0.122028 3.925392
v -1.092805 0.070562 3.741157
v -1.605192 -0.315356 2.116096
v -0.564616 -0.315356 2.116097
v -1.605192 -0.324130 1.940372
v -0.564616 -0.324130 1.940372
v -0.478568 -1.742928 2.185810
v -0.478568 -1.751703 2.010087
v -1.691240 -1.742928 2.185810
v -1.691240 -1.751703 2.010086
v -0.426521 -1.822407 1.093842
v -0.426521 -1.822407 0.966700
v -0.510185 -0.263819 1.080566
v -0.510185 -0.252348 0.953425
v -0.591074 -0.252348 0.953425
v -0.507409 -1.822407 0.966700
v -0.591074 -0.263819 1.080566
v -0.507409 -1.822407 1.093842
v -0.610006 -0.339427 2.145160
v -0.610006 -0.346067 1.920701
v -0.498595 -0.339427 2.145160
v -0.498595 -0.346067 1.920701
v -0.498595 -0.181722 1.920701
v -0.498595 -0.181722 2.145160
v -0.610006 -0.181722 2.145160
v -0.610006 -0.181722 1.920701
v -0.610007 0.198704 3.927938
v -0.610007 0.085658 3.951266
v -0.498596 0.198704 3.927938
v -0.498596 0.085658 3.951266
v -0.610006 -0.124445 3.015112
v -0.610006 0.000529 3.015112
v -0.498595 -0.124445 3.015112
v -0.498595 0.000529 3.015112
v -0.610006 -0.301370 1.430893
v -0.610006 -0.168811 1.429462
v -0.498595 -0.168811 1.429462
v -0.498595 -0.301370 1.430893
v -0.610006 -0.142390 0.933049
v -0.498595 -0.142390 0.933049
v -0.610006 -0.123806 0.566980
v -0.498595 -0.123806 0.566980
v -0.610006 -0.256202 0.935928
v -0.610006 -0.232282 0.570925
v -0.498595 -0.256202 0.935928
v -0.498595 -0.232282 0.570925
v -1.775283 -1.822407 1.093842
v -1.691618 -0.263819 1.080566
v -1.775283 -1.822407 0.966700
v -1.691618 -0.252348 0.953424
v -1.610730 -0.252348 0.953425
v -1.610730 -0.263819 1.080566
v -1.694394 -1.822407 0.966700
v -1.694394 -1.822407 1.093842
v -1.591798 -0.339427 2.145159
v -1.703209 -0.339427 2.145159
v -1.591798 -0.346067 1.920701
v -1.703209 -0.346067 1.920701
v -1.703209 -0.181722 1.920701
v -1.703209 -0.181722 2.145159
v -1.591798 -0.181722 2.145159
v -1.591798 -0.181722 1.920701
v -1.591798 0.198704 3.927938
v -1.703209 0.198704 3.927938
v -1.591798 0.085658 3.951265
v -1.703209 0.085658 3.951265
v -1.591798 -0.124445 3.015112
v -1.591798 0.000529 3.015112
v -1.703209 -0.124445 3.015112
v -1.703209 0.000529 3.015112
v -1.591798 -0.301370 1.430893
v -1.591798 -0.168811 1.429462
v -1.703209 -0.168811 1.429462
v -1.703209 -0.301370 1.430893
v -1.591798 -0.142390 0.933049
v -1.591798 -0.123806 0.566979
v -1.703209 -0.142390 0.933049
v -1.703209 -0.123806 0.566979
v -1.591798 -0.256202 0.935928
v -1.591798 -0.232282 0.570925
v -1.703209 -0.256202 0.935928
v -1.703209 -0.232282 0.570925
f 17 18 19
f 19 18 20
f 21 20 22
f 22 20 18
f 21 22 23
f 23 22 24
f 19 23 17
f 17 23 24
f 19 20 23
f 23 20 21
f 25 26 27
f 27 26 28
f 29 30 31
f 31 30 32
f 32 30 25
f 25 30 26
f 29 31 28
f 28 31 27
f 33 29 34
f 34 29 28
f 33 35 29
f 29 35 30
f 26 30 36
f 36 30 35
f 26 36 28
f 28 36 34
f 37 38 39
f 39 38 40
f 41 42 43
f 43 42 44
f 44 40 43
f 43 40 38
f 41 37 42
f 42 37 39
f 33 34 41
f 41 34 37
f 33 41 35
f 35 41 43
f 38 36 43
f 43 36 35
f 34 36 37
f 37 36 38
f 45 46 47
f 47 46 48
f 49 50 51
f 51 50 52
f 45 52 46
f 46 52 50
f 48 49 47
f 47 49 51
f 53 54 48
f 48 54 49
f 54 55 49
f 49 55 50
f 56 46 55
f 55 46 50
f 46 56 48
f 48 56 53
f 57 58 59
f 59 58 60
f 61 62 63
f 63 62 64
f 63 64 58
f 58 64 60
f 62 61 59
f 59 61 57
f 61 54 57
f 57 54 53
f 54 61 55
f 55 61 63
f 63 58 55
f 55 58 56
f 53 56 57
f 57 56 58
f 65 66 67
f 67 66 68
f 69 70 71
f 71 70 72
f 66 71 68
f 68 71 72
f 65 67 69
f 69 67 70
f 73 69 74
f 74 69 71
f 75 76 77
f 77 76 78
f 79 80 75
f 75 80 76
f 78 81 77
f 77 81 82
f 73 78 83
f 83 78 76
f 73 74 78
f 78 74 81
f 80 84 76
f 76 84 83
f 73 83 69
f 69 83 65
f 83 84 65
f 65 84 66
f 84 74 66
f 66 74 71
f 81 74 80
f 80 74 84
f 82 81 79
f 79 81 80
f 85 86 87
f 87 86 88
f 86 89 88
f 88 89 90
f 89 91 90
f 90 91 92
f 91 85 92
f 92 85 87
f 93 94 95
f 95 94 96
f 97 98 99
f 99 98 100
f 97 96 98
f 98 96 94
f 99 100 95
f 95 100 93
f 101 102 103
f 103 102 104
f 104 105 103
f 103 105 106
f 106 105 107
f 107 105 108
f 107 108 101
f 101 108 102
f 109 110 111
f 111 110 112
f 101 113 107
f 107 113 114
f 101 103 113
f 113 103 115
f 103 106 115
f 115 106 116
f 106 107 116
f 116 107 114
f 113 110 114
f 114 110 109
f 113 115 110
f 110 115 112
f 115 116 112
f 112 116 111
f 116 114 111
f 111 114 109
f 102 108 117
f 117 108 118
f 108 105 118
f 118 105 119
f 104 120 105
f 105 120 119
f 104 102 120
f 120 102 117
f 121 122 123
f 123 122 124
f 125 121 126
f 126 121 123
f 127 125 128
f 128 125 126
f 127 128 122
f 122 128 124
f 118 119 121
f 121 119 122
f 117 118 125
f 125 118 121
f 120 117 127
f 127 117 125
f 120 127 119
f 119 127 122
f 129 130 131
f 130 132 131
f 133 134 135
f 134 136 135
f 133 135 132
f 135 131 132
f 134 130 136
f 130 129 136
f 137 138 139
f 138 140 139
f 140 138 141
f 138 142 141
f 142 143 141
f 143 144 141
f 143 137 144
f 137 139 144
f 145 146 147
f 146 148 147
f 137 143 149
f 143 150 149
f 137 149 138
f 149 151 138
f 138 151 142
f 151 152 142
f 142 152 143
f 152 150 143
f 149 150 147
f 150 145 147
f 149 147 151
f 147 148 151
f 151 148 152
f 148 146 152
f 152 146 150
f 146 145 150
f 139 153 144
f 153 154 144
f 144 154 141
f 154 155 141
f 140 141 156
f 141 155 156
f 140 156 139
f 156 153 139
f 157 158 159
f 158 160 159
f 161 162 157
f 162 158 157
f 163 164 161
f 164 162 161
f 163 159 164
f 159 160 164
f 154 157 155
f 157 159 155
f 153 161 154
f 161 157 154
f 156 163 153
f 163 161 153
f 156 155 163
f 155 159 163
